# Size: 23111(191x121), n_valid: 20994
# unw_cov_thre: 0.3, coh_thre: 0.05
# ifg dates         bperp   dt unw_cov  coh_av
20160909_20160921    24.7   12   0.835   0.428 
20160909_20160927    94.4   18   0.835   0.406 
20160909_20161003   135.5   24   0.828   0.341 
20160921_20160927    69.6    6   0.835   0.483 
20160921_20161003   110.7   12   0.832   0.390 
20160921_20161009    45.0   18   0.829   0.364 
20160927_20161003    41.1    6   0.833   0.386 
20160927_20161009   -24.6   12   0.830   0.364 
20160927_20161015    -4.9   18   0.833   0.381 
20161003_20161009   -65.7    6   0.833   0.412 
20161003_20161015   -46.0   12   0.834   0.376 
20161003_20161021  -154.7   18   0.827   0.354 
20161009_20161015    19.7    6   0.830   0.393 
20161009_20161021   -89.0   12   0.831   0.395 
20161009_20161027    24.1   18   0.833   0.396 
20161015_20161021  -108.7    6   0.834   0.417 
20161015_20161027     4.4   12   0.832   0.361 
20161015_20161202    56.0   48   0.950   0.318 
20161021_20161027   113.1    6   0.834   0.423 
20161021_20161202   164.7   42   0.903   0.298 
20161021_20161208    72.4   48   0.914   0.303 
20161027_20161202    51.6   36   0.925   0.293 
20161027_20161208   -40.7   42   0.897   0.285 
20161027_20161214    52.8   48   0.893   0.287 
20161202_20161208   -92.3    6   0.947   0.479 
20161202_20161214     1.2   12   0.997   0.483 
20161202_20161220   -55.8   18   0.926   0.395 
20161208_20161214    93.6    6   0.934   0.503 
20161208_20161220    36.6   12   0.950   0.432 
20161208_20161226    64.7   18   0.929   0.441 
20161214_20161220   -57.0    6   0.928   0.443 
20161214_20161226   -28.9   12   0.961   0.488 
20161214_20170101    11.2   18   0.940   0.432 
20161220_20161226    28.2    6   0.934   0.462 
20161220_20170101    68.2   12   0.942   0.407 
20161220_20170107   -74.8   18   0.901   0.345 
20161226_20170101    40.1    6   0.931   0.466 
20161226_20170107  -103.0   12   0.923   0.384 
20161226_20170113    59.8   18   0.913   0.371 
20170101_20170107  -143.1    6   0.915   0.413 
20170101_20170113    19.7   12   0.927   0.381 
20170101_20170212     4.5   42   0.947   0.374 
20170107_20170113   162.8    6   0.892   0.345 
20170107_20170212   147.6   36   0.906   0.335 
20170107_20170218    19.5   42   0.909   0.354 
20170113_20170212   -15.2   30   0.920   0.369 
20170113_20170218  -143.3   36   0.899   0.345 
20170113_20170224   -81.4   42   0.897   0.341 
20170212_20170218  -128.1    6   0.929   0.493 
20170212_20170224   -66.2   12   0.946   0.478 
20170212_20170302  -178.7   18   0.940   0.407 
20170218_20170224    61.9    6   0.929   0.505 
20170218_20170302   -50.6   12   0.943   0.460 
20170218_20170320   -61.4   30   0.934   0.385 
20170224_20170302  -112.5    6   0.935   0.467 
20170224_20170320  -123.3   24   0.929   0.375 
20170224_20170326     5.3   30   0.927   0.352 
20170302_20170320   -10.8   18   0.962   0.407 
20170302_20170326   117.7   24   0.926   0.354 
20170302_20170401    43.0   30   0.931   0.348 
20170320_20170326   128.6    6   0.923   0.421 
20170320_20170401    53.8   12   0.951   0.389 
20170320_20170407    77.5   18   0.927   0.372 
20170326_20170401   -74.8    6   0.930   0.404 
20170326_20170407   -51.1   12   0.937   0.382 
20170326_20170413   -20.4   18   0.931   0.359 
20170401_20170407    23.7    6   0.959   0.427 
20170401_20170413    54.3   12   0.964   0.381 
20170401_20170425    78.1   24   0.950   0.354 
20170407_20170413    30.7    6   0.945   0.412 
20170407_20170425    54.5   18   0.926   0.365 
20170407_20170507    66.6   30   0.896   0.331 
20170413_20170425    23.8   12   0.965   0.388 
20170413_20170507    36.0   24   0.913   0.341 
20170413_20170525   -15.6   42   0.946   0.327 
20170425_20170501   -44.3    6   0.633   0.405 
20170425_20170507    12.2   12   0.919   0.368 
20170425_20170519   -58.1   24   0.942   0.346 
20170425_20170525   -39.4   30   0.938   0.338 
20170507_20170519   -70.3   12   0.912   0.350 
20170507_20170525   -51.5   18   0.911   0.339 
20170507_20170531  -162.4   24   0.905   0.313 
20170519_20170525    18.7    6   0.960   0.402 
20170519_20170531   -92.1   12   0.959   0.370 
20170519_20170730    10.8   72   0.924   0.305 
20170525_20170531  -110.8    6   0.955   0.390 
20170525_20170730    -7.9   66   0.931   0.310 
20170525_20170811     4.2   78   0.905   0.296 
20170531_20170730   102.9   60   0.919   0.302 
20170531_20170811   115.0   72   0.887   0.285 
20170531_20170823    80.6   84   0.920   0.309 
20170730_20170811    12.1   12   0.929   0.382 
20170730_20170823   -22.4   24   0.949   0.361 
20170730_20170922    54.9   54   0.927   0.310 
20170811_20170823   -34.5   12   0.916   0.400 
20170811_20170910   -12.9   30   0.522   0.322 
20170811_20170922    42.8   42   0.901   0.306 
20170823_20170910    21.5   18   0.580   0.357 
20170823_20170922    77.2   30   0.935   0.325 
20170823_20170928   -11.8   36   0.531   0.335 
20170910_20170922    55.7   12   0.949   0.363 
20170910_20170928   -33.3   18   0.556   0.349 
20170910_20171028     1.8   48   0.498   0.315 
20170922_20170928   -89.0    6   0.704   0.435 
20170922_20171028   -53.9   36   0.525   0.331 
20170922_20171103    16.0   42   0.544   0.344 
20170928_20171004    58.9    6   0.694   0.435 
20170928_20171016    32.3   18   0.572   0.363 
20170928_20171028    35.1   30   0.538   0.339 
20170928_20171103   105.1   36   0.542   0.342 
20171004_20171016   -26.5   12   0.623   0.395 
20171004_20171028   -23.8   24   0.933   0.334 
20171004_20171103    46.2   30   0.938   0.359 
20171016_20171028     2.8   12   0.930   0.356 
20171016_20171103    72.7   18   0.960   0.368 
20171016_20171209   -53.8   54   0.425   0.264 
20171028_20171103    69.9    6   0.669   0.410 
20171028_20171209   -56.6   42   0.463   0.282 
20171028_20171215    53.6   48   0.485   0.299 
20171103_20171209  -126.6   36   0.440   0.270 
20171103_20171215   -16.3   42   0.490   0.300 
20171103_20171221   -11.7   48   0.532   0.334 
20171209_20171215   110.2    6   0.652   0.409 
20171209_20171221   114.9   12   0.570   0.334 
20171209_20171227    65.4   18   0.603   0.366 
20171215_20171221     4.6    6   0.634   0.381 
20171215_20171227   -44.9   12   0.662   0.421 
20171215_20180102    -1.2   18   0.622   0.388 
20171221_20171227   -49.5    6   0.671   0.415 
20171221_20180102    -5.9   12   0.579   0.345 
20171221_20180108   -44.0   18   0.664   0.421 
20171227_20180102    43.6    6   0.634   0.387 
20171227_20180108     5.5   12   0.645   0.399 
20171227_20180114    43.7   18   0.629   0.381 
20180102_20180108   -38.1    6   0.615   0.358 
20180102_20180114     0.1   12   0.635   0.380 
20180102_20180120    16.9   18   0.599   0.353 
20180102_20180126  -102.9   24   0.933   0.338 
20180108_20180114    38.1    6   0.711   0.449 
20180108_20180120    55.0   12   0.689   0.438 
20180108_20180126   -64.8   18   0.944   0.410 
20180108_20180201    65.2   24   0.953   0.405 
20180108_20180303    36.3   54   0.912   0.370 
20180114_20180120    16.8    6   0.736   0.476 
20180114_20180126  -102.9   12   0.980   0.455 
20180114_20180201    27.0   18   0.951   0.419 
20180114_20180303    -1.8   48   0.950   0.400 
20180114_20180309  -156.0   54   0.920   0.358 
20180120_20180126  -119.7    6   0.954   0.466 
20180120_20180201    10.2   12   0.979   0.479 
20180120_20180207   -75.6   18   0.949   0.364 
20180120_20180213    10.6   24   0.988   0.443 
20180120_20180303   -18.6   42   0.937   0.402 
20180120_20180309  -172.8   48   0.935   0.363 
20180120_20180315   -47.2   54   0.926   0.373 
20180126_20180201   129.9    6   0.946   0.486 
20180126_20180207    44.2   12   0.966   0.381 
20180126_20180219    79.5   24   0.966   0.360 
20180201_20180207   -85.8    6   0.937   0.356 
20180201_20180213     0.4   12   0.983   0.434 
20180201_20180219   -50.4   18   0.946   0.350 
20180201_20180225  -145.8   24   0.959   0.348 
20180201_20180315   -57.4   42   0.946   0.375 
20180201_20180327  -136.8   54   0.946   0.350 
20180207_20180213    86.2    6   0.962   0.430 
20180207_20180219    35.4   12   0.977   0.478 
20180207_20180225   -60.0   18   0.962   0.429 
20180207_20180303    56.9   24   0.957   0.374 
20180213_20180225  -146.1   12   0.978   0.424 
20180213_20180303   -29.2   18   0.972   0.447 
20180213_20180309  -183.4   24   0.979   0.401 
20180219_20180225   -95.3    6   0.975   0.469 
20180219_20180303    21.6   12   0.979   0.402 
20180219_20180315    -6.9   24   0.960   0.360 
20180219_20180327   -86.4   36   0.956   0.339 
20180219_20180414   -11.2   54   0.944   0.301 
20180219_20180420  -138.4   60   0.955   0.281 
20180225_20180303   116.9    6   0.963   0.433 
20180225_20180309   -37.2   12   0.989   0.435 
20180225_20180315    88.4   18   0.965   0.383 
20180303_20180309  -154.2    6   0.939   0.459 
20180303_20180315   -28.5   12   0.940   0.449 
20180303_20180321  -138.1   18   0.904   0.351 
20180303_20180327  -108.0   24   0.965   0.398 
20180303_20180613    -7.9  102   0.933   0.263 
20180303_20180911   -54.2  192   0.932   0.257 
20180309_20180315   125.6    6   0.935   0.446 
20180309_20180321    16.1   12   0.938   0.393 
20180309_20180327    46.2   18   0.949   0.409 
20180309_20180402   169.0   24   0.966   0.369 
20180309_20180607     1.0   90   0.943   0.269 
20180309_20180619    19.0  102   0.948   0.273 
20180309_20180625   101.7  108   0.946   0.257 
20180309_20180929    86.6  204   0.952   0.259 
20180315_20180321  -109.6    6   0.913   0.370 
20180315_20180327   -79.5   12   0.946   0.431 
20180315_20180402    43.4   18   0.921   0.404 
20180315_20180414    -4.3   30   0.957   0.350 
20180315_20180420  -131.5   36   0.956   0.314 
20180315_20180601  -104.5   78   0.935   0.273 
20180315_20180613    20.6   90   0.920   0.264 
20180315_20180619  -106.6   96   0.938   0.269 
20180315_20180911   -25.7  180   0.930   0.261 
20180315_20180917   -51.2  186   0.923   0.256 
20180315_20180929   -39.0  198   0.932   0.266 
20180321_20180327    30.1    6   0.918   0.397 
20180321_20180402   152.9   12   0.916   0.356 
20180321_20180408    -2.0   18   0.916   0.338 
20180321_20180917    58.4  180   0.702   0.234 
20180321_20180923   101.0  186   0.703   0.230 
20180327_20180402   122.8    6   0.929   0.423 
20180327_20180408   -32.1   12   0.973   0.413 
20180327_20180414    75.2   18   0.957   0.367 
20180327_20180426    18.3   30   0.933   0.323 
20180327_20180601   -25.0   66   0.952   0.281 
20180327_20180607   -45.2   72   0.947   0.282 
20180327_20180613   100.1   78   0.921   0.260 
20180327_20180625    55.5   90   0.935   0.272 
20180327_20180911    53.8  168   0.785   0.261 
20180327_20180917    28.3  174   0.761   0.255 
20180402_20180408  -154.9    6   0.925   0.405 
20180402_20180414   -47.7   12   0.986   0.378 
20180402_20180420  -174.8   18   0.949   0.312 
20180402_20180426  -104.5   24   0.952   0.322 
20180402_20180508  -109.1   36   0.950   0.315 
20180408_20180414   107.3    6   0.970   0.421 
20180408_20180420   -19.9   12   0.982   0.377 
20180408_20180426    50.4   18   0.933   0.342 
20180408_20180502    85.8   24   0.975   0.329 
20180408_20180508    45.8   30   0.921   0.300 
20180414_20180420  -127.2    6   0.965   0.385 
20180414_20180426   -56.9   12   0.989   0.366 
20180414_20180508   -61.5   24   0.978   0.313 
20180414_20180601  -100.2   48   0.974   0.305 
20180414_20180607  -120.3   54   0.949   0.297 
20180414_20180613    24.9   60   0.959   0.293 
20180420_20180502   105.7   12   0.977   0.357 
20180420_20180508    65.7   18   0.949   0.298 
20180420_20180514   175.0   24   0.925   0.284 
20180420_20180601    27.0   42   0.954   0.302 
20180420_20180613   152.1   54   0.925   0.274 
20180420_20180619    24.9   60   0.955   0.284 
20180426_20180502    35.4    6   0.977   0.385 
20180426_20180508    -4.6   12   0.962   0.325 
20180426_20180514   104.7   18   0.932   0.304 
20180426_20180520   -31.7   24   0.981   0.330 
20180502_20180514    69.3   12   0.946   0.308 
20180502_20180520   -67.0   18   0.966   0.325 
20180502_20180526    -5.6   24   0.963   0.307 
20180508_20180514   109.3    6   0.949   0.360 
20180508_20180526    34.3   18   0.970   0.310 
20180508_20180601   -38.7   24   0.976   0.301 
20180514_20180520  -136.4    6   0.941   0.336 
20180514_20180601  -148.0   18   0.935   0.293 
20180514_20180607  -168.2   24   0.930   0.282 
20180520_20180526    61.4    6   0.979   0.367 
20180520_20180601   -11.6   12   0.988   0.339 
20180520_20180613   113.4   24   0.964   0.296 
20180526_20180601   -73.0    6   0.980   0.357 
20180526_20180607   -93.2   12   0.966   0.323 
20180526_20180619   -75.2   24   0.962   0.297 
20180601_20180607   -20.2    6   0.954   0.371 
20180601_20180613   125.1   12   0.975   0.327 
20180601_20180619    -2.1   18   0.973   0.309 
20180601_20180625    80.5   24   0.981   0.313 
20180601_20180911    78.8  102   0.952   0.287 
20180601_20180929    65.5  120   0.967   0.285 
20180607_20180613   145.3    6   0.946   0.352 
20180607_20180619    18.0   12   0.968   0.321 
20180607_20180625   100.7   18   0.951   0.323 
20180607_20180701    79.7   24   0.961   0.315 
20180607_20180707    78.1   30   0.947   0.309 
20180607_20180905    83.9   90   0.947   0.278 
20180607_20180911    99.0   96   0.946   0.292 
20180613_20180619  -127.2    6   0.955   0.314 
20180613_20180625   -44.5   12   0.962   0.333 
20180613_20180701   -65.6   18   0.951   0.323 
20180613_20180719  -105.0   36   0.966   0.312 
20180613_20180905   -61.4   84   0.968   0.286 
20180613_20180911   -46.3   90   0.934   0.290 
20180613_20180923   -29.2  102   0.936   0.291 
20180619_20180625    82.7    6   0.966   0.338 
20180619_20180701    61.7   12   0.967   0.315 
20180619_20180707    60.1   18   0.959   0.305 
20180619_20180713   103.3   24   0.953   0.289 
20180619_20180719    22.2   30   0.961   0.294 
20180619_20180905    65.8   78   0.956   0.291 
20180619_20180911    80.9   84   0.961   0.280 
20180625_20180701   -21.0    6   0.967   0.359 
20180625_20180707   -22.6   12   0.980   0.346 
20180625_20180713    20.7   18   0.949   0.316 
20180625_20180719   -60.5   24   0.969   0.321 
20180625_20180812    -5.5   48   0.954   0.299 
20180701_20180707    -1.6    6   0.975   0.391 
20180701_20180713    41.7   12   0.971   0.359 
20180701_20180719   -39.5   18   0.965   0.338 
20180701_20180725     2.4   24   0.973   0.329 
20180707_20180719   -37.9   12   0.986   0.376 
20180707_20180725     4.0   18   0.966   0.343 
20180707_20180731   -25.5   24   0.985   0.349 
20180707_20180812    17.1   36   0.982   0.328 
20180707_20180911    20.9   66   0.957   0.304 
20180713_20180719   -81.1    6   0.966   0.384 
20180713_20180725   -39.2   12   0.959   0.347 
20180713_20180731   -68.8   18   0.962   0.342 
20180719_20180725    41.9    6   0.968   0.387 
20180719_20180731    12.3   12   0.988   0.382 
20180719_20180806    22.2   18   0.969   0.344 
20180719_20180812    54.9   24   0.971   0.338 
20180719_20180911    58.7   54   0.957   0.307 
20180719_20180929    45.4   72   0.971   0.305 
20180725_20180731   -29.6    6   0.974   0.415 
20180725_20180806   -19.7   12   0.976   0.371 
20180725_20180812    13.0   18   0.958   0.340 
20180731_20180806     9.9    6   0.988   0.402 
20180731_20180812    42.6   12   0.983   0.375 
20180731_20180818   -22.9   18   0.969   0.343 
20180806_20180812    32.7    6   0.977   0.423 
20180806_20180818   -32.9   12   0.974   0.373 
20180806_20180824    24.9   18   0.970   0.348 
20180806_20180830    59.1   24   0.981   0.342 
20180812_20180824    -7.8   12   0.981   0.355 
20180812_20180830    26.4   18   0.957   0.349 
20180812_20180905   -11.3   24   0.973   0.322 
20180812_20180911     3.8   30   0.957   0.329 
20180812_20180929    -9.5   48   0.963   0.313 
20180812_20181005   -61.3   54   0.923   0.273 
20180818_20180824    57.8    6   0.968   0.396 
20180818_20180830    91.9   12   0.976   0.358 
20180818_20180905    54.2   18   0.967   0.344 
20180824_20180830    34.1    6   0.968   0.396 
20180824_20180911    11.5   18   0.967   0.351 
20180830_20180905   -37.7    6   0.967   0.383 
20180830_20180911   -22.6   12   0.978   0.378 
20180830_20180917   -48.1   18   0.968   0.361 
20180830_20180923    -5.5   24   0.978   0.352 
20180905_20180911    15.1    6   0.956   0.396 
20180905_20180917   -10.4   12   0.973   0.376 
20180905_20180923    32.2   18   0.941   0.343 
20180905_20180929     1.8   24   0.978   0.317 
20180911_20180917   -25.5    6   0.943   0.418 
20180911_20180923    17.1   12   0.969   0.382 
20180911_20180929   -13.3   18   0.931   0.343 
20180911_20181005   -65.1   24   0.952   0.303 
20180911_20181011    79.4   30   0.959   0.307 
20180911_20181116    12.5   66   0.939   0.282 
20180917_20180923    42.6    6   0.968   0.448 
20180917_20180929    12.2   12   0.966   0.352 
20180917_20181005   -39.6   18   0.899   0.302 
20180923_20180929   -30.4    6   0.931   0.353 
20180923_20181005   -82.2   12   0.911   0.308 
20180923_20181011    62.3   18   0.974   0.328 
20180923_20181017   -14.5   24   0.948   0.327 
20180929_20181005   -51.8    6   0.911   0.344 
20180929_20181011    92.7   12   0.979   0.333 
20180929_20181017    15.9   18   0.935   0.347 
20180929_20181023    84.6   24   0.956   0.310 
20180929_20181029    41.9   30   0.884   0.282 
20180929_20181116    25.8   48   0.956   0.299 
20180929_20181210    69.9   72   0.959   0.291 
20181005_20181011   144.5    6   0.946   0.348 
20181005_20181017    67.7   12   0.926   0.351 
20181005_20181023   136.4   18   0.935   0.352 
20181005_20181029    93.7   24   0.892   0.333 
20181005_20181104    85.9   30   0.897   0.320 
20181005_20181116    77.6   42   0.935   0.300 
20181005_20181210   121.7   66   0.932   0.301 
20181011_20181017   -76.8    6   0.968   0.429 
20181011_20181023    -8.1   12   0.967   0.358 
20181011_20181029   -50.8   18   0.946   0.323 
20181011_20181116   -66.9   36   0.962   0.310 
20181011_20181210   -22.8   60   0.968   0.310 
20181011_20181216  -153.7   66   0.931   0.276 
20181017_20181023    68.6    6   0.953   0.367 
20181017_20181029    25.9   12   0.919   0.326 
20181017_20181104    18.2   18   0.913   0.303 
20181017_20181110    76.6   24   0.922   0.314 
20181023_20181029   -42.7    6   0.940   0.384 
20181023_20181104   -50.4   12   0.939   0.352 
20181023_20181116   -58.8   24   0.951   0.323 
20181029_20181104    -7.7    6   0.895   0.364 
20181029_20181110    50.7   12   0.903   0.331 
20181029_20181116   -16.1   18   0.895   0.308 
20181029_20181122    21.7   24   0.944   0.327 
20181104_20181110    58.4    6   0.914   0.394 
20181104_20181116    -8.3   12   0.930   0.357 
20181104_20181122    29.5   18   0.920   0.362 
20181104_20181128   -20.3   24   0.954   0.368 
20181110_20181116   -66.7    6   0.930   0.418 
20181110_20181122   -28.9   12   0.948   0.353 
20181110_20181128   -78.7   18   0.000     nan *
20181116_20181122    37.8    6   0.910   0.326 
20181116_20181128   -12.0   12   0.000     nan *
20181116_20181204    52.9   18   0.000     nan *
20181116_20181210    44.1   24   0.971   0.373 
20181116_20181216   -86.8   30   0.942   0.358 
20181122_20181128   -49.8    6   0.000     nan *
20181122_20181204    15.1   12   0.000     nan *
20181122_20181210     6.3   18   0.969   0.356 
20181122_20181216  -124.6   24   0.958   0.328 
20181128_20181204    64.9    6   0.000     nan *
20181128_20181210    56.1   12   0.972   0.426 
20181128_20181216   -74.8   18   0.944   0.418 
20181204_20181210    -8.8    6   0.958   0.429 
20181204_20181216  -139.7   12   0.947   0.375 
20181204_20181222    33.0   18   0.958   0.412 
20181204_20190103   -47.7   30   0.900   0.342 
20181204_20190109   -35.6   36   0.918   0.369 
20181204_20190115  -100.4   42   0.914   0.362 
20181210_20181216  -130.9    6   0.955   0.447 
20181210_20181222    41.8   12   0.980   0.404 
20181210_20181228   -31.6   18   0.968   0.427 
20181216_20181222   172.7    6   0.945   0.381 
20181216_20181228    99.3   12   0.974   0.438 
20181222_20181228   -73.4    6   0.961   0.410 
20190103_20190109    12.0    6   0.928   0.406 
20190103_20190115   -52.7   12   0.942   0.443 
20190103_20190121    87.4   18   0.906   0.372 
20190109_20190115   -64.7    6   0.944   0.476 
20190109_20190121    75.4   12   0.937   0.442 
20190109_20190127   -17.3   18   0.931   0.397 
20190115_20190121   140.2    6   0.917   0.445 
20190115_20190127    47.4   12   0.959   0.460 
20190115_20190202   130.3   18   0.909   0.380 
20190121_20190127   -92.8    6   0.920   0.442 
20190121_20190202    -9.9   12   0.926   0.419 
20190121_20190208   -22.1   18   0.924   0.393 
20190127_20190202    82.9    6   0.917   0.447 
20190127_20190208    70.7   12   0.969   0.455 
20190127_20190214   -63.0   18   0.924   0.414 
20190202_20190208   -12.2    6   0.920   0.429 
20190202_20190214  -145.9   12   0.903   0.374 
20190202_20190220    15.4   18   0.917   0.377 
20190208_20190214  -133.7    6   0.924   0.439 
20190208_20190220    27.6   12   0.984   0.456 
20190208_20190226   -82.3   18   0.932   0.379 
20190214_20190220   161.3    6   0.930   0.486 
20190214_20190226    51.4   12   0.933   0.417 
20190214_20190304   131.6   18   0.911   0.359 
20190220_20190226  -109.9    6   0.937   0.419 
20190220_20190304   -29.7   12   0.981   0.420 
20190220_20190310   -53.4   18   0.000     nan *
20190226_20190304    80.2    6   0.944   0.448 
20190226_20190310    56.5   12   0.000     nan *
20190226_20190316   -65.8   18   0.938   0.394 
20190304_20190310   -23.7    6   0.000     nan *
20190304_20190316  -146.0   12   0.949   0.401 
20190304_20190322     7.6   18   0.940   0.389 
20190310_20190316  -122.3    6   0.000     nan *
20190310_20190322    31.3   12   0.000     nan *
20190310_20190328  -120.6   18   0.000     nan *
20190316_20190322   153.6    6   0.923   0.404 
20190316_20190328     1.7   12   0.940   0.401 
20190322_20190328  -152.0    6   0.918   0.423 
20190322_20190403     0.6   12   0.944   0.394 
20190322_20190409   -71.3   18   0.902   0.368 
20190328_20190403   152.6    6   0.920   0.403 
20190328_20190409    80.7   12   0.917   0.381 
20190328_20190415    84.4   18   0.917   0.357 
20190403_20190409   -71.9    6   0.918   0.407 
20190403_20190415   -68.2   12   0.935   0.371 
20190403_20190421   -29.8   18   0.961   0.376 
20190409_20190415     3.7    6   0.919   0.415 
20190409_20190421    42.1   12   0.946   0.377 
20190409_20190427     3.3   18   0.910   0.348 
20190415_20190421    38.4    6   0.947   0.390 
20190415_20190427    -0.4   12   0.927   0.350 
20190415_20190503   100.7   18   0.912   0.329 
20190421_20190427   -38.8    6   0.942   0.394 
20190421_20190503    62.2   12   0.960   0.366 
20190427_20190503   101.1    6   0.921   0.384 
20190427_20190509  -112.6   12   0.911   0.338 
20190427_20190515   -18.3   18   0.912   0.323 
20190503_20190509  -213.7    6   0.908   0.346 
20190503_20190515  -119.4   12   0.929   0.325 
20190503_20190527  -111.1   24   0.897   0.277 
20190509_20190515    94.3    6   0.922   0.355 
20190509_20190527   102.6   18   0.877   0.282 
20190515_20190527     8.3   12   0.940   0.344 
20190515_20190602    64.9   18   0.000     nan *
20190515_20190620    20.6   36   0.000     nan *
20190527_20190602    56.7    6   0.000     nan *
20190527_20190620    12.3   24   0.000     nan *
20190527_20190708   -91.2   42   0.884   0.254 
20190602_20190620   -44.3   18   0.000   1.000 *
20190602_20190708  -147.9   36   0.000     nan *
20190602_20190714   -28.2   42   0.000     nan *
20190620_20190708  -103.6   18   0.000     nan *
20190620_20190714    16.2   24   0.000     nan *
20190620_20190720   -10.8   30   0.000     nan *
20190708_20190714   119.7    6   0.923   0.370 
20190708_20190720    92.8   12   0.945   0.361 
20190708_20190726    43.7   18   0.949   0.355 
20190714_20190720   -26.9    6   0.936   0.386 
20190714_20190726   -76.0   12   0.952   0.364 
20190714_20190801   -33.7   18   0.925   0.339 
20190720_20190726   -49.1    6   0.963   0.428 
20190720_20190807   -63.4   18   0.944   0.362 
20190726_20190801    42.3    6   0.955   0.393 
20190726_20190807   -14.3   12   0.976   0.393 
20190726_20190813    67.5   18   0.928   0.356 
20190801_20190807   -56.6    6   0.942   0.423 
20190801_20190813    25.2   12   0.950   0.390 
20190801_20190819    20.3   18   0.949   0.383 
20190807_20190813    81.8    6   0.947   0.423 
20190807_20190819    76.9   12   0.973   0.421 
20190807_20190825    33.7   18   0.950   0.395 
20190813_20190819    -4.9    6   0.961   0.464 
20190813_20190825   -48.2   12   0.944   0.404 
20190813_20190831   -18.6   18   0.937   0.393 
20190819_20190825   -43.3    6   0.963   0.465 
20190819_20190831   -13.7   12   0.986   0.444 
20190819_20190906   -69.6   18   0.946   0.382 
20190825_20190831    29.6    6   0.972   0.494 
20190825_20190906   -26.4   12   0.962   0.415 
20190825_20190912    32.0   18   0.951   0.390 
20190831_20190906   -55.9    6   0.969   0.445 
20190831_20190912     2.5   12   0.978   0.408 
20190831_20190918   -82.5   18   0.955   0.377 
20190906_20190912    58.4    6   0.958   0.436 
20190906_20190918   -26.6   12   0.973   0.415 
20190906_20190924    56.3   18   0.936   0.328 
20190912_20190918   -85.0    6   0.959   0.431 
20190912_20190924    -2.1   12   0.969   0.346 
20190912_20190930    82.9   18   0.940   0.346 
20190918_20190924    82.9    6   0.943   0.354 
20190918_20190930   167.8   12   0.943   0.341 
20190918_20191006    38.0   18   0.946   0.329 
20190924_20190930    85.0    6   0.944   0.387 
20190924_20191006   -44.9   12   0.967   0.367 
20190924_20191012   -25.5   18   0.931   0.326 
20190930_20191006  -129.8    6   0.942   0.367 
20190930_20191012  -110.4   12   0.941   0.343 
20190930_20191018   -77.4   18   0.940   0.342 
20191006_20191012    19.4    6   0.933   0.400 
20191006_20191018    52.4   12   0.958   0.380 
20191006_20191024   -54.2   18   0.920   0.344 
20191012_20191018    33.0    6   0.951   0.429 
20191012_20191024   -73.6   12   0.950   0.372 
20191012_20191030     8.5   18   0.965   0.375 
20191018_20191024  -106.6    6   0.933   0.413 
20191018_20191030   -24.6   12   0.968   0.403 
20191018_20191105   -12.1   18   0.005   0.018 *
20191024_20191030    82.0    6   0.962   0.427 
20191024_20191105    94.4   12   0.006   0.017 *
20191024_20191111   121.7   18   0.906   0.308 
20191024_20191117   132.4   24   0.931   0.281 
20191030_20191105    12.4    6   0.008   0.018 *
20191030_20191111    39.7   12   0.934   0.332 
20191030_20191117    50.4   18   0.886   0.296 
20191030_20191123    36.1   24   0.964   0.313 
20191105_20191111    27.2    6   0.906   0.380 
20191105_20191117    38.0   12   0.883   0.310 
20191105_20191129    82.9   24   0.000     nan *
20191111_20191117    10.7    6   0.896   0.349 
20191111_20191123    -3.5   12   0.965   0.385 
20191111_20191129    55.7   18   0.000     nan *
20191117_20191123   -14.3    6   0.940   0.371 
20191117_20191129    44.9   12   0.000     nan *
20191117_20191205   -75.2   18   0.928   0.341 
20191117_20191211    15.6   24   0.939   0.347 
20191123_20191129    59.2    6   0.000     nan *
20191123_20191205   -60.9   12   0.962   0.378 
20191123_20191211    29.9   18   0.959   0.380 
20191123_20191217     8.4   24   0.968   0.367 
20191129_20191205  -120.1    6   0.000     nan *
20191129_20191211   -29.3   12   0.000     nan *
20191129_20191217   -50.8   18   0.000     nan *
20191129_20191223   -51.4   24   0.000     nan *
20191205_20191211    90.8    6   0.953   0.465 
20191205_20191217    69.3   12   0.963   0.392 
20191205_20191223    68.7   18   0.919   0.301 
20191205_20191229   126.7   24   0.959   0.374 
20191211_20191217   -21.5    6   0.958   0.429 
20191211_20191223   -22.1   12   0.940   0.324 
20191211_20191229    35.9   18   0.951   0.391 
20191217_20191223    -0.6    6   0.936   0.338 
20191217_20191229    57.3   12   0.984   0.417 
20191223_20191229    58.0    6   0.937   0.351 
