20160909
20160921
20160927
20161003
20161009
20161015
20161021
20161027
20161202
20161208
20161214
20161220
20161226
20170101
20170107
20170113
20170212
20170218
20170224
20170302
20170320
20170326
20170401
20170407
20170413
20170425
20170501
20170507
20170519
20170525
20170531
20170730
20170811
20170823
20170910
20170922
20170928
20171004
20171016
20171028
20171103
20171209
20171215
20171221
20171227
20180102
20180108
20180114
20180120
20180126
20180201
20180207
20180213
20180219
20180225
20180303
20180309
20180315
20180321
20180327
20180402
20180408
20180414
20180420
20180426
20180502
20180508
20180514
20180520
20180526
20180601
20180607
20180613
20180619
20180625
20180701
20180707
20180713
20180719
20180725
20180731
20180806
20180812
20180818
20180824
20180830
20180905
20180911
20180917
20180923
20180929
20181005
20181011
20181017
20181023
20181029
20181104
20181110
20181116
20181122
20181128
20181204
20181210
20181216
20181222
20181228
20190103
20190109
20190115
20190121
20190127
20190202
20190208
20190214
20190220
20190226
20190304
20190316
20190322
20190328
20190403
20190409
20190415
20190421
20190427
20190503
20190509
20190515
20190527
20190708
20190714
20190720
20190726
20190801
20190807
20190813
20190819
20190825
20190831
20190906
20190912
20190918
20190924
20190930
20191006
20191012
20191018
20191024
20191030
20191105
20191111
20191117
20191123
20191205
20191211
20191217
20191223
20191229
